 8902.6631 8878.9823 8810.2273 8707.9562 8601.8689 8515.0000 8447.8451BU  765 01
 8393.5724 8349.7411 8315.3611 8289.2450 8269.6128 8255.2389 8244.6990BU  765 02
 8237.3191 8232.3141 8229.2063 8227.7300 8227.8263 8229.3152 8231.8501BU  765 03
 8235.4950 8240.1487 8245.8964 8252.8665 8260.9563 8270.3114 8281.1100BU  765 04
 8293.3213 8307.2865 8323.2289 8341.4202 8362.1178 8385.7212 8412.2189BU  765 05
 8440.5685 8467.5413 8486.0038 8481.2576 8427.3086 8283.6836 7996.7177BU  765 06
 7526.8190 6889.8417 6160.1243 5413.5129 4703.2393 4058.7221 3490.6183BU  765 07
 2997.3622 2570.5384 2203.1759 1887.5823 1614.7361 1378.6498 1175.2586BU  765 08
 1000.4436  850.1486  721.7674  612.7712  520.7074  442.7400  376.9687BU  765 09
  321.5499  274.9800  235.5525  196.1250  156.6975  117.2700   77.8425BU  765 10
12440.898112416.973412346.256812242.080812135.723512051.107311985.9646BU 1120 01
11930.552611882.404911842.489911811.195911787.259611769.426111756.5387BU 1120 02
11747.600011742.019711739.031011738.452411739.804911742.726211747.0171BU 1120 03
11752.792111759.719711768.041011777.862311789.236011802.105111816.5099BU 1120 04
11832.283411849.779511869.344811891.332411915.689711942.815811972.0382BU 1120 05
12001.808612027.118212037.269712011.482411913.017011686.904511260.2211BU 1120 06
10583.4213 9680.5250 8654.8466 7608.1553 6614.2440 5711.3505 4915.6781BU 1120 07
 4222.0645 3622.3895 3104.7459 2659.6922 2273.7084 1939.3260 1649.8298BU 1120 08
 1401.6798 1187.9011 1005.4624  850.1274  719.5049  608.7012  515.6199BU 1120 09
  437.0987  371.2499  315.6662  259.0000  203.0000  147.0000   91.0000BU 1120 10
14776.382014743.484414674.461914563.222914451.259414364.560814301.5094BU 1470 01
14248.734514206.813014171.085714143.420314117.419314107.845614097.8644BU 1470 02
14092.141014089.839614089.744514093.853514099.182114105.923114113.4221BU 1470 03
14121.889314131.525414142.238314154.295514167.361714181.435814195.8369BU 1470 04
14210.229514224.894314239.877014255.515714271.542014287.693714303.0167BU 1470 05
14314.993314317.906714299.081814234.311814082.356713781.665813252.1797BU 1470 06
12443.683611384.184810190.6487 8969.8738 7809.2465 6751.3104 5814.2505BU 1470 07
 4997.3455 4285.6469 3668.1907 3135.0685 2670.3459 2266.3497 1916.7210BU 1470 08
 1615.4610 1355.8561 1134.3499  945.4911  788.3924  654.9074  543.2024BU 1470 09
  448.8062  371.3862  306.0137  240.6412  175.2687  109.8962   44.5237BU 1470 10
16373.222916346.717816270.051816158.023316045.948015961.537715904.4728BU 1840 01
15862.246115829.347315804.715715787.660515776.737215770.766715769.1969BU 1840 02
15771.749515777.575715786.380415797.500515810.135715823.476615836.8130BU 1840 03
15850.363215864.362915878.943115893.938015908.727815922.775515935.1780BU 1840 04
15945.128215952.687715957.303015959.250515957.859115952.354415941.2877BU 1840 05
15921.785215887.683115825.934115711.548115501.753915132.706914523.0365BU 1840 06
13623.325912465.000011169.9547 9847.1023 8587.4528 7435.9413 6413.5342BU 1840 07
 5513.3116 4726.2407 4039.1533 3442.4445 2919.5159 2463.7259 2065.9335BU 1840 08
 1723.7348 1428.0886 1175.9323  962.4061  783.3999  632.8912  507.4849BU 1840 09
  403.0387  316.7787  244.9250  173.0713  101.2176   29.3639  -42.4898BU 1840 10
17229.299117202.962217126.123817013.691716901.312716817.798616762.4390BU 2090 01
16723.618716694.963916675.277616663.798616658.380416657.804016661.4917BU 2090 02
16668.814016679.187516691.705316706.199016721.529116736.752716751.6094BU 2090 03
16766.079116780.357916794.536416808.321516821.084016831.687716839.0427BU 2090 04
16842.421416841.156516835.377916824.390416807.968716784.947816754.0740BU 2090 05
16712.325216653.813716564.847716420.265416176.535515770.068115120.2294BU 2090 06
14178.159312975.304611634.358410269.6449 8967.3373 7774.6466 6712.7065BU 2090 07
 5774.0000 4951.6081 4227.7468 3597.6908 3044.6496 2559.8809 2136.7571BU 2090 08
 1771.0000 1455.9573 1186.4536  958.4049  767.5249  607.5374  474.7199BU 2090 09
  364.4812  273.6837  198.6525  123.6213   48.5901  -26.4411 -101.4723BU 2090 10
  107.3055  107.3060  107.2952  107.3200  107.4105  107.4960  107.4540BM 765  7 
  107.2545  106.9627  106.6642  106.4010  106.1897  106.0227  105.8997BM        
  105.8060  105.7405  105.7045  105.6825  105.6815  105.6975  105.7277BM        
  105.7730  105.8330  105.9045  105.9905  106.0872  106.2005  106.3307          
  106.4790  106.6427  106.8322  107.0425  107.2827  107.5352  107.8165          
  108.0000  108.3405  108.4397  108.2027  107.2000  105.0007  101.1000          
   95.2000   86.9000   77.7000   68.3000   59.4370   51.2922   44.1252          
   37.8932   32.5095   27.8820   23.8640   20.4075   17.4120   14.8160          
   12.5847   10.6612    9.0257    7.6312    6.4507    5.4622    4.6232          
    3.9167    3.3235    2.8287    2.4070    2.0477    0.        0.    BM 765 70 
  154.4635  153.3234  149.0446  140.4938  124.9925  100.9061   70.810101 765  7 
   42.2251   21.8406   10.2541    4.5535    1.8750     .6662     .1236          
    -.1099    -.2541    -.2953    -.3365    -.3503    -.3434    -.3297          
    -.3022    -.3228    -.2679    -.3434    -.2953    -.3091    -.2885          
    -.3571    -.3297    -.3091    -.3091    -.3091    -.3091    -.3159          
    -.3228    -.3022    -.3228    -.2541    -.2816    -.2473    -.2129          
    -.1099     .0962     .5632     .8000    1.5000    1.5110     .8242          
     .4808     .1030    -.1030    -.2404    -.2747    -.3434    -.3434          
    -.3434    -.2747    -.2747    -.1374     .0343     .3091     .7555          
    1.0989    1.5797    1.8887    2.2000    1.5000    0.        0.    01 765 70 
  163.3811  163.1342  162.1602  160.2192  156.5910  149.3550  135.733702 765  7 
  113.0999   82.8599   51.9752   28.2030   14.0329    6.8587    3.525402        
    1.9616    1.1797     .8368     .6859     .5830     .5830     .555602        
     .5487     .5487     .5144     .5418     .5281     .5350     .541802        
     .5761     .5350     .5281     .5007     .5693     .5350     .569302        
     .5830     .6104     .5007     .5556     .5761     .5350     .535002        
     .4664     .4184     .4321     .3635     .3429     .1029     .171502        
     .0686     .1029     .2058     .1029     .1029     .0686     .034302        
     .0686     .1029     .0343     .0343     .0686     .0686     .034302        
     .0686     .0343     .0343    -.0343     .0343    0.        0.    02 765 70 
  164.4746  164.4128  164.2067  163.8771  163.3517  162.1978  159.555303 765  7 
  154.3115  144.4008  127.2579  101.8681   71.7342   43.7071   23.1954          
   11.2139    5.1563    2.2819     .9530     .3554     .0618    -.0464          
    -.1391    -.1339    -.1700    -.1700    -.1597    -.1545    -.1442          
    -.1494    -.1648    -.1751    -.1700    -.1391    -.1751    -.1545          
    -.1597    -.1803    -.1906    -.1854    -.1854    -.1751    -.2060          
    -.1803    -.1648    -.1803    -.2060    -.2060    -.1545    -.0773          
    -.0773    -.1545    -.0515    -.1030    -.0515    -.0515    -.0258          
    -.0258    0.        -.0515    -.0258    0.        -.0258    -.0258          
    0.        -.0515     .0258    -.0258    -.0258    0.        0.    03 765 70 
  163.6195  163.5577  163.5216  163.5423  163.5989  163.5319  163.171404 765  7 
  162.2648  160.6885  157.8760  152.8434  143.4221  126.9128  102.0278          
   72.0381   43.7122   22.8915   10.6576    4.4505    1.5247     .2163          
    -.3812    -.6645    -.8139    -.8705    -.8551    -.8808    -.8499          
    -.9014    -.8705    -.8887    -.8860    -.8448    -.8499    -.8499 4   765  
    -.8190    -.8860    -.8499    -.8396    -.8448    -.8087    -.7418          
    -.7418    -.6130    -.5924    -.5409    -.2833     .0515     .5409          
     .8499     .8499     .5666     .2576    -.0515    -.1030    -.1030          
    -.0515     .3091     .6181    1.0560    1.3393    1.5196    1.3393          
     .9787     .4894     .0773    -.2833    -.5151    0.        0.    04 765 70 
  163.1586  163.0899  163.1174  163.1586  163.2547  163.3371  163.282205 765  7 
  162.8152  162.2657  161.4621  160.4045  158.7630  155.8990  150.2671          
  139.5000  120.2055   92.0051   60.1645   33.1317   15.7829    6.6483          
    2.2939     .3228    -.5701    -.9890   -1.2019   -1.2912   -1.3187          
   -1.3530   -1.2912   -1.3393   -1.2981   -1.3049   -1.3187   -1.3255          
   -1.2225   -1.2500   -1.2637   -1.2500   -1.2431   -1.1950   -1.1744          
   -1.0989    -.9615    -.7074    -.3846     .3777     .9272    1.0646          
     .9272     .4808    -.0343    -.2747    -.4464    -.5151    -.5151          
    -.4464    -.3434    -.0343     .3091     .6525    1.1676    1.7170          
    1.9231    1.8200    1.2019     .6525    -.0687    0.        0.    05 765 70 
  164.1192  164.0986  164.0883  164.1655  164.2943  164.3922  164.345806 765  7 
  164.0007  163.5732  163.0580  162.5841  162.0278  161.3324  160.2507          
  158.3087  154.4866  146.9300  132.8262  110.0790   80.6662   51.0938          
   27.7902   13.3516    5.8001    2.1583     .5460    -.1957    -.5460          
    -.7315    -.7778    -.8448    -.8602    -.9272    -.9066    -.8963          
    -.8654    -.8860    -.9323    -.8757    -.8757    -.8345    -.7933          
    -.7263    -.7005    -.5615    -.5306    -.4121    -.5151    -.2060          
    -.3863    -.2833    -.2318    -.2060    -.2318    -.2060    -.1545          
    -.1803    -.1545    -.0773    -.1030    -.0515    -.1803    -.1030          
    -.1030    -.1030    -.0773    -.0773    -.0773    0.        0.    06 765 70 
  163.5706  163.5294  163.5363  163.5775  163.7080  163.8797  163.735507 765  7 
  163.5088  163.0967  162.5885  162.2176  161.9360  161.5583  161.3110          
  161.0363  160.6586  160.0198  158.7286  156.1806  150.8990  140.4389          
  121.2838   92.9116   60.6797   33.5919   16.0782    6.7445    2.3558          
     .2953    -.6662   -1.1195   -1.2843   -1.4698   -1.4423   -1.4835          
   -1.4766   -1.5385   -1.4698   -1.4354   -1.4423   -1.4217   -1.2775          
   -1.2294   -1.0508    -.9753    -.8585    -.6525    -.4808    -.5838          
    -.3777    -.4121    -.3777    -.3434    -.3434    -.3091    -.2747          
    -.2747    -.3091    -.2060    -.1030    -.1374    -.1374    -.2060          
    -.1374    -.1030    -.1374    -.1374    -.1374    0.        0.    07 765 70 
  163.8204  163.8204  163.8256  163.8668  164.0110  164.2222  164.206708 765  7 
  163.8565  163.4444  162.9499  162.6151  162.2339  161.9969  161.7909          
  161.5848  161.4303  161.2861  161.0594  160.6319  159.7819  158.1130          
  154.5639  147.1927  133.2383  110.7332   81.3977   51.5986   28.0168          
   13.3980    5.6611    1.9677     .2266    -.5306    -.8963   -1.0766          
   -1.2054   -1.1848   -1.2208   -1.1693   -1.2002   -1.1487   -1.1281          
    -.9684    -.8808    -.7933    -.7778    -.6954    -.6181    -.4636          
    -.4121    -.3091    -.3348    -.2833    -.2833    -.2318    -.1030          
    -.2576    -.2318    -.2060    -.1803    -.2060    -.1288    -.1545          
   -0.        -.1288    -.1030    -.1030    -.1030    0.        0.    08 765 70 
  163.5020  163.4745  163.4745  163.5500  163.6599  163.8110  163.714909  765   
  163.4127  163.0418  162.5954  162.2314  161.8605  161.6613  161.4553          
  161.3729  161.2698  161.1874  161.1119  161.1119  161.0638  160.7891          
  160.3426  159.4223  157.3619  153.0968  144.2369  127.7879  101.5036          
   69.5395   40.2608   20.0000    8.8000    3.3860     .9000    -.3777 9   765  
    -.9821   -1.1882   -1.3736   -1.3461   -1.3874   -1.3874   -1.2843          
   -1.2500   -1.2088   -1.0508    -.9959    -.7212    -.7212    -.7212          
    -.4808    -.5838    -.4121    -.4808    -.4464    -.3777    -.2747          
    -.3091    -.3777    -.2747    -.2747    -.2747    -.2747    -.2404          
    -.1717    -.1374    -.1374    -.1374    -.1374    0.        0.    09  765   
  161.9193  161.8987  161.9056  161.9193  162.1807  162.0981  162.105010 765  7 
  161.7955  161.3416  160.9083  160.5094  160.1999  160.0005  159.8423          
  159.6703  159.6428  159.5947  159.5947  159.6291  159.6703  159.6360          
  159.6772  159.5809  159.2302  158.4943  156.9606  153.5149  146.1077          
  132.0361  108.2000   76.7815   45.7498   22.9712    9.6905    2.9505          
    -.1582   -1.6231   -2.2902   -2.5791   -2.7167   -2.7235   -2.7304          
   -2.5791   -2.3453   -2.2834   -2.0289   -1.7882   -1.7194   -1.3067          
   -1.2036   -1.0316    -.9629    -.8941    -.7909    -.7221    -.6190          
    -.5502    -.5158    -.4814    -.5158    -.4127    -.4470    -.4127          
    -.4127    -.3783    -.3439    -.3783    -.3095    0.        0.    10 765 70 
  162.3275  162.4237  162.4580  162.4649  162.5885  162.7327  162.657211 765  7 
  162.3275  161.9429  161.4827  161.0294  160.7891  160.5487  160.3701          
  160.2327  160.0817  160.0816  160.1160  160.0817  160.1503  160.1572          
  160.1984  160.2053  160.2465  160.1709  159.9443  159.4567  158.1929          
  155.4319  149.4567  137.3000  115.8305   85.7894   53.6811   28.2485          
   12.6167    4.5879     .7830   -1.0096   -1.7651   -2.1978   -2.2596          
   -2.2733   -2.2184   -1.8819   -1.7994   -1.4766   -1.2706   -1.2019          
    -.9959    -.8585    -.9272    -.7898    -.7212    -.6181    -.5494          
    -.5151    -.4464    -.5494    -.4464    -.4121    -.4464    -.3434          
    -.3091    -.3434    -.3091    -.3091    -.2404    0.        0.    11 765  70
  161.6551  161.6252  161.6514  161.6925  161.7970  161.8904  161.808212 765  7 
  161.5393  161.0911  160.6541  160.2283  159.9332  159.6755  159.5373          
  159.3879  159.3244  159.2646  159.2721  159.3020  159.3207  159.3991          
  159.4738  159.5448  159.6307  159.6792  159.7502  159.7539  159.6045          
  159.1787  157.9088  154.9992  148.7541  136.0249  113.3155   81.1973          
   48.1454   23.7963    9.6926    2.6743    -.5789   -1.9945   -2.6034          
   -2.7640   -2.6967   -2.5137   -2.2784   -1.9796   -1.7928   -1.5874          
   -1.4193   -1.3073   -1.1392   -1.0085    -.8777    -.8030    -.7470          
    -.7097    -.7097    -.5789    -.5789    -.6536    -.4856    -.5042          
    -.4295    -.3735    -.3922    -.4109    -.3175    0.        0.    12 765 70 
  161.4414  161.4377  161.4153  161.4601  161.5647  161.6805  161.598313 765  7 
  161.3219  160.9035  160.4328  160.0480  159.7305  159.5101  159.3233          
  159.1851  159.1328  159.0992  159.0581  159.0693  159.1552  159.2113          
  159.3084  159.3719  159.4690  159.5437  159.6595  159.7865  159.9173          
  159.9434  159.6633  158.9236  157.0521  152.8047  143.8243  126.3492          
   98.2463   64.2150   34.5394   15.4542    5.3979     .7172   -1.3448          
   -2.1554   -2.4132   -2.3646   -2.2600   -2.0546   -1.7931   -1.6437          
   -1.4195   -1.3261   -1.1020   -1.0460    -.9152    -.8592    -.7845          
    -.6724    -.6537    -.6537    -.6164    -.5603    -.4856    -.5043          
    -.4296    -.4296    -.4109    -.3736    -.3736    0.        0.    13 765 70 
  161.0753  161.0791  161.0716  161.1052  161.2136  161.3182  161.232314 765  7 
  160.9258  160.5260  160.0551  159.6852  159.3713  159.1097  158.9565          
  158.8444  158.7883  158.7061  158.7398  158.7472  158.8257  158.9116          
  158.9640  159.0723  159.1546  159.2293  159.4012  159.5693  159.7674          
  159.9430  160.0327  159.9580  159.5133  158.3474  155.5484  149.3340          
  136.5762  113.8147   81.4906   48.1985   23.4864    9.4656    2.5299          
    -.5680   -1.7788   -2.1861   -2.2085   -2.0179   -1.8311   -1.7190          
   -1.5508   -1.4574   -1.2332   -1.1211   -1.0837    -.9529    -.349414        
    -.8408    -.7847    -.7287    -.7287    -.6913    -.6726    -.5419          
    -.5232    -.5419    -.4858    -.4484    -.4858    0.        0.    14 765 70 
  160.5860  160.5635  160.5785  160.5860  160.6980  160.8250  160.757815 765  7 
  160.4403  160.0331  159.5699  159.2337  158.8601  158.6248  158.4417          
  158.3409  158.2736  158.2325  158.2138  158.2661  158.3222  158.3782          
  158.4828  158.5762  158.6584  158.7518  158.9087  159.0880  159.3345          
  159.5923  159.7753  159.9472  159.9770  159.8911  159.2113  157.4593          
  153.3987  144.5602  127.2681   99.1129   64.6520   34.7598   15.4803          
    5.3867     .8442   -1.0833   -1.7744   -2.0546   -1.9425   -1.7371          
   -1.6810   -1.4942   -1.4008   -1.2141   -1.1767   -1.0833    -.9899          
    -.8592    -.8032    -.8032    -.7845    -.7658    -.6351    -.6351          
    -.5603    -.5790    -.4856    -.5230    -.4483    0.        0.    15 765 70 
  161.1575  161.1052  161.1388  161.1725  161.2920  161.4527  161.415416 765  7 
  161.1089  160.6941  160.2196  159.8571  159.5507  159.3003  159.0686          
  158.9901  158.8818  158.8406  158.7995  158.8257  158.8967  158.9528          
  159.0200  159.0873  159.1658  159.2554  159.4124  159.6254  159.8197          
  160.0850  160.3354  160.6007  160.8287  161.0043  161.0529  160.7539          
  159.6366  156.8302  150.3093  136.8191  113.1982   80.7245   47.9444          
   23.9610   10.3288    3.7668     .7399    -.5232   -1.0650   -1.3266          
   -1.2705   -1.3453   -1.2519   -1.1024   -1.0837    -.9716    -.8408          
    -.8034    -.7287    -.7474    -.6540    -.6540    -.6166    -.5792          
    -.5419    -.4858    -.4671    -.4484    -.4111    0.        0.    16 765 70 
  159.9826  160.0050  159.9116  159.9564  159.9415  159.9415  159.784517 765  7 
  159.3734  158.8726  158.3868  157.9495  157.6243  157.4450  157.2693          
  157.2058  157.2319  157.2693  157.3440  157.4412  157.5907  157.6954          
  157.7925  157.8972  157.9981  158.1401  158.2746  158.5026  158.7642          
  158.9548  159.2426  159.5229  159.8368  160.1283  160.4722  160.7188          
  160.8309  160.5992  159.2052  155.4156  146.6292  129.2769  101.3107          
   67.2639   37.8177   18.8285    8.5622    3.2515     .8409    -.3177          
    -.8222   -1.0091   -1.1959   -1.1212   -1.1959   -1.0838   -1.0278          
    -.9530    -.9156    -.8783    -.7661    -.7475    -.7288    -.7475          
    -.5980    -.5980    -.5793    -.5793    -.5606    0.        0.    17 765 70 
   85.5010   85.4710   85.3530   85.2080   85.1150   85.1210   85.2410EM  1120  
   85.3320   85.3800   85.4040   85.4000   85.3950   85.4000   85.4020          
   85.4440   85.4780   85.5360   85.6070   85.6720   85.7600   85.8280          
   85.8980   85.9520   86.0100   86.0500   86.0950   86.1160   86.1510          
   86.1850   86.1900   86.1730   86.1160   86.0190   85.8850   85.6880          
   85.4040   85.0220   84.4650   83.5750   82.1120   79.7350   76.1070          
   71.0900   64.9340   58.1940   51.3910   44.9000   38.9830   33.7170EM 1120  7
   29.0450   24.9490   21.3440   18.2120   15.2820   13.0400   10.9430EM 1120  8
    9.1300    7.5470    6.1910    5.0480    4.0950    3.2920    2.6310EM 1120  9
    2.0680    1.6200    1.2290     .9200     .6550    0.        0.    EM 1120 10
  148.1000  147.0000  142.9000  134.4000  119.3000   95.9000   66.9000 1 1195  1
   39.4000   20.0000    9.0000    3.6000    1.1000     .1000    -.3000 1 1195  2
    -.6000    -.7000    -.7000    -.6000    -.6000    -.5000    -.4000 1 1195  3
    -.4000    -.3000    -.3000    -.2000    -.1000    -.2000    -.1000 1 1195  4
    0.        0.        0.         .1000     .1000     .2000     .2000 1 1195  5
     .3000     .3000     .2000     .2000     .1000    0.        -.2000 1 1195  6
    -.3000    -.4000    -.3000     .2000     .3000     .4000     .5000 1 1195  7
     .6991     .2996     .0333    -.1332    -.2996    -.3329    -.4660 1 1120  8
    -.4328    -.4660    -.4328    -.3995    -.3329    -.1664     .1997 1 1120  9
     .5992    1.1651    1.4314    1.3316     .8322    0.        0.     1 1120 10
  154.9000  154.5926  153.5475  151.5461  147.8986  140.9519  128.1787 2  1120  
  106.7511   77.7142   47.9259   24.9478   11.2593    4.4424    1.2456 2 1120   
    -.2503    -.8992   -1.0904   -1.2066   -1.1929   -1.1997   -1.2202 2  1120  
   -1.1587   -1.0631   -1.0495    -.9880    -.9402    -.8650    -.8716 2  1120  
    -.7626    -.7762    -.7148    -.6464    -.6260    -.5850    -.5303 2  1120  
    -.4552    -.3937    -.3186    -.2025     .0776     .0303     .7265 2  1120  
    1.2046    1.8604    2.4273    3.0352    3.5407    4.1213    4.4970 2 1120  7
    4.7702    5.0434    5.1801    5.4533    5.5899    5.8290    5.9314 2 1120  8
    6.0680    6.1705    6.2388    6.2730    6.2388    6.3754    6.4096 2 1120  9
    6.5462    6.5462    6.5120    6.5462    6.6828    0.        0.     2 1120 10
  156.0158  155.9128  155.6552  155.3256  154.7229  153.8575  151.7455 3  1120  
  147.2280  138.1003  121.7661   97.2006   67.6951   40.1933   20.0577 3  1120  
    8.2617    2.3070    -.3613   -1.6336   -2.1435   -2.3805   -2.4887 3  1120  
   -2.5144   -2.5350   -2.4990   -2.4938   -2.4526   -2.4526   -2.4063 3  1120  
   -2.3856   -2.3547   -2.3805   -2.3599   -2.3135   -2.3032   -2.2620 3  1120  
   -2.3000   -2.2000   -2.2000   -2.2000   -2.1545   -2.0000   -1.8000 3 1120   
   -1.1545   -1.0773   -1.0515   -1.1030   -1.0258    -.9742   -1.0000 3 1120  7
   -1.0000   -1.0000    -.9742   -1.0000   -1.0258   -1.0258   -1.0000 3 1120  8
   -1.0000   -1.0000   -1.0000   -1.0000   -1.0000   -1.0000   -1.0000 3 1120  9
   -1.0000   -1.0000   -1.0000   -1.0000   -1.0000    0.        0.     3 1120 10
  154.5726  154.4877  154.4078  154.3229  154.3479  154.4777  154.5925 4  1120  
  154.4777  153.5440  151.4218  146.9378  137.9649  121.9114   97.4942          
   67.8789   39.9764   19.4938    7.4750    1.3782   -1.3931   -2.6215          
   -3.2057   -3.4054   -3.4504   -3.4753   -3.4554   -3.3755   -3.3705          
   -3.3255   -3.2856   -3.1907   -3.1757   -3.1208   -3.1108   -3.0809          
   -3.0409   -3.0359   -2.9810   -2.9111   -2.8012   -2.7114   -2.5616          
   -2.4018   -2.1721   -1.9224   -1.6678   -1.2733    -.7490    -.0999          
    -.2996     .2000     .3246     .7989    1.1485    1.2483    1.1734 4 1120   
     .2247     .2497     .0250    -.2996    -.4993    -.5493    -.4494          
     .7989     .2497    -.1498    -.5243    -.5992    0.        0.     4  1120  
  152.7033  152.6101  152.5102  152.4170  152.5302  152.8631  153.1893 5  1120  
  153.5555  153.6087  153.3691  152.8897  151.6846  149.1680  143.8417          
  133.3957  114.5008   86.8110   55.2664   28.6685   11.6844    2.6898          
   -1.5246   -3.4088   -4.2477   -4.5739   -4.6272   -4.7004   -4.6205          
   -4.5939   -4.5206   -4.4807   -4.3808   -4.3143   -4.2676   -4.1678          
   -4.1878   -4.0679   -3.9481   -3.9947   -3.8349   -3.7350   -3.5486          
   -3.2890   -3.0293   -2.5566   -1.7976   -1.1318    -.3995     .1332          
    -.1997    -.6658    -.8988    -.9321   -1.0652   -1.0652   -1.3981          
    -.8988    -.7324    -.5326    -.1332     .3995     .8322    1.3316          
    1.5646    1.4980    1.0652     .3662    -.2996    0.        0.     5  1120  
  152.1000  152.0000  152.0000  151.9000  152.0000  152.2000  152.7000 6 1120  6
  153.0000  153.3000  153.3000  153.3000  153.1000  152.8000  152.0000 6 1120 13
  150.3000  146.7000  139.4000  125.6000  103.2000   74.1000   44.8000 6 1120 20
   21.8000    7.5000    0.       -3.4000   -5.0000   -5.8000   -6.1000 6 1120 27
   -6.0000   -6.1000   -6.0000   -6.0000   -5.9000   -5.8000   -5.8000 6 1120 34
   -5.8000   -5.8000   -5.7000   -5.7000   -5.8000   -5.8000   -5.8000 6 1120 41
   -5.9000   -5.9000   -5.9000   -5.7000   -5.6000   -5.5000   -5.5000 6 1120 48
   -5.4000   -5.2000   -5.3000   -5.2000   -5.2000   -5.2000   -5.1000 6 1120 55
   -4.9000   -5.0000   -5.0000   -5.0000   -5.0000   -4.8000   -5.0000 6 1120 62
   -5.0000   -4.9000   -4.9000   -4.9000   -4.9000   -0.       -0.     6 1120 69
  149.5635  149.5899  149.4869  149.3633  149.4320  149.6655  149.9883 7  1120  
  150.3175  150.5789  150.7026  150.7506  150.8331  150.8056  150.8331 7  1120  
  150.7918  150.6408  150.1806  149.1092  146.8152  141.7809  131.4856 7  1120  
  112.7014   84.5765   52.6879   25.8337    8.4989    -.5192   -4.8393 7  1120  
   -6.6937   -7.6006   -7.9231   -8.0810   -8.0673   -7.9849   -7.9643 7  1120  
   -7.8544   -7.8475   -7.7720   -7.6689   -7.5797   -7.4011   -7.3324 7  1120  
   -7.0233   -6.8104   -6.4876   -6.2816   -5.9725   -5.5948   -5.3544 7  1120  
   -5.0110   -4.9080   -4.8393   -4.7363   -4.4959   -4.4959   -4.2898 7  1120  
   -4.2212   -4.1868   -4.1525   -4.1525   -4.0494   -3.9464   -3.8434 7  1120  
   -3.8091   -3.8434   -3.8777   -3.8091   -3.8091    0.        0.     7  1120  
  146.5387  146.5335  146.3893  146.2605  146.2657  146.4408  146.796208  1120  
  147.1362  147.2753  147.3989  147.4968  147.6153  147.6874  147.764608  1120  
  147.8000  148.0000  148.0000  148.0000  147.8000  147.2000  145.776308  1120  
  142.3869  135.2835  121.5000   99.3855   70.3951   40.9669   17.730308  1120  
    3.3000   -4.0000   -7.5000   -9.1000   -9.7000   -9.9000  -10.0032 8  1120  
   -9.9723   -9.8796   -9.7251   -9.5396   -9.2872   -8.8442   -8.3549 8  1120  
   -7.5977   -6.8662   -6.1245   -5.5578   -5.0376   -4.4709   -4.2391 8 1120   
   -3.8786   -3.7240   -3.4407   -3.2604   -3.0544   -2.9514   -2.8999 8  1120  
   -2.7196   -2.6938   -2.5650   -2.3332   -2.3848   -2.2817   -2.1530 8  1120  
   -2.1787   -2.1530   -2.0757   -1.9727   -1.9727    0.        0.    08  1120  
  145.6243  145.5762  145.4595  145.2672  145.2809  145.4457  145.851009  1120  
  146.0845  146.2974  146.4279  146.5034  146.5927  146.7163  146.7163          
  146.8537  146.9911  147.1971  147.2933  147.4306  147.5611  147.5405          
  147.2383  146.4622  144.5735  140.4458  131.8881  115.5420   89.6905          
   58.0492   29.1139    9.2582   -1.6689   -6.9368   -9.2651  -10.3571          
  -10.7348  -10.7623  -10.7967  -10.7005  -10.6799  -10.4945  -10.3434          
   -9.9793   -9.3818   -8.7087   -7.8571   -6.8681   -6.0096   -5.5288          
   -4.7733   -4.2582   -3.7431   -3.3997   -3.0220   -2.6442   -2.3008          
   -2.1978   -2.0261   -1.9574   -1.7170   -1.6483   -1.4423   -1.4080          
   -1.3393   -1.1676   -1.1332   -1.0646   -1.0646    0.        0.    09  1120  
  142.7878  142.7809  142.6504  142.4512  142.4238  142.6161  142.870210  1120  
  143.1655  143.3166  143.4334  143.4952  143.5913  143.6875  143.7630          
  143.8661  143.9966  144.2163  144.4224  144.6353  144.8070  144.9787          
  145.1504  145.1367  144.9512  144.3468  142.9251  139.6971  132.5543          
  118.6739   95.1644   64.2236   33.6262   11.1813   -1.6827   -8.1044          
  -10.9890  -12.2664  -12.6716  -12.7609  -12.5755  -12.2321  -11.7101          
  -10.8585  -10.0000   -8.9835   -7.9670   -7.0398   -6.0439   -5.2541          
   -4.6360   -4.0178   -3.7431   -3.3997   -3.1593   -2.7816   -2.6099          
   -2.3352   -2.1635   -2.0604   -1.9917   -1.7514   -1.7170   -1.5453          
   -1.4080   -1.3736   -1.3049   -1.2363   -1.1676    0.        0.    10  1120  
  140.5419  140.5625  140.4458  140.2741  140.2328  140.3084  140.617511  1120  
  140.8922  141.0502  141.1463  141.2631  141.2905  141.3523  141.4279          
  141.5927  141.7164  141.7988  142.0392  142.2040  142.4787  142.5955          
  142.8359  142.9595  143.0762  143.1724  143.0968  142.7054  141.6065          
  138.9348  133.0557  121.0846   99.9514   70.2332   38.6743   13.7156          
   -1.5179   -9.2307  -12.7335  -14.1895  -14.6497  -14.5260  -14.0041          
  -13.2005  -12.1085  -10.8722   -9.7046   -8.5164   -7.5892   -6.6621          
   -5.8379   -5.3228   -4.5329   -4.1552   -3.7775   -3.4340   -3.0563          
   -2.8846   -2.6786   -2.4382   -2.4038   -2.1635   -1.9917   -1.8544          
   -1.7170   -1.6827   -1.4766   -1.4766   -1.4080    0.        0.    11  1120  
  139.5583  139.4948  139.3454  139.1810  139.0839  139.2146  139.4985          
  139.7487  139.8869  140.0102  140.0513  140.0849  140.1521  140.2380          
  140.3426  140.4509  140.6526  140.8245  141.0187  141.2503  141.4632          
  141.6275  141.8031  142.0346  142.1579  142.3484  142.4716  142.4418          
  142.0421  140.9029  138.1202  131.9797  119.5195   97.2134   65.5585          
   33.0183    9.0726   -4.5381  -11.1455  -13.9095  -14.8433  -14.6789          
  -14.0029  -13.0430  -11.6685  -10.4060   -9.0203   -7.9371   -7.0780          
   -6.2750   -5.5466   -4.9303   -4.5008   -4.0339   -3.6230   -3.3429          
   -3.1188   -2.8760   -2.6519   -2.4278   -2.2784   -2.0730   -1.9983          
   -1.8675   -1.6995   -1.6248   -1.5127   -1.4754    0.        0.    12  1120  
  138.2372  138.2036  138.0394  137.8529  137.7969  137.8715  138.1663          
  138.4088  138.5506  138.6140  138.6999  138.7260  138.8006  138.8566          
  138.9685  139.0767  139.2372  139.4237  139.5805  139.7931  140.0096          
  140.1588  140.3342  140.4984  140.6700  140.8939  141.1140  141.2633          
  141.3416  141.1140  140.3566  138.5320  134.3828  125.5806  108.4801          
   80.7976   47.6226   18.1565    -.3395   -9.7648  -13.8580  -15.0745          
  -14.9028  -13.9737  -12.7573  -11.3543   -9.9999   -8.8059   -7.7798          
   -6.7723   -6.0820   -5.4664   -4.8693   -4.4216   -4.0485   -3.6567          
   -3.3955   -3.1343   -2.9104   -2.5933   -2.5000   -2.4067   -2.1828          
   -1.9962   -1.8656   -1.8097   -1.6604   -1.6231    0.        0.    13  1120  
  136.8570  136.7937  136.6485  136.4735  136.3692  136.4809  136.7267          
  136.9650  137.0693  137.1549  137.1847  137.2294  137.2816  137.3598          
  137.4491  137.5757  137.6837  137.8699  138.0747  138.2572  138.4397          
  138.5812  138.7302  138.9238  139.1212  139.3260  139.5420  139.7728          
  139.9218  140.0149  139.9144  139.4600  138.3019  135.5350  129.4502          
  116.9491   94.5833   62.8743   30.2828    6.3977   -6.8371  -12.7990          
  -14.7057  -14.6200  -13.6742  -12.3745  -10.9483   -9.6263   -8.3974          
   -7.6154   -6.7030   -5.8838   -5.3438   -4.8224   -4.3756   -3.9846          
   -3.6308   -3.3143   -3.1281   -2.8302   -2.7184   -2.4764   -2.3461          
   -2.1785   -2.0109   -1.8992   -1.8247   -1.7502    0.        0.    14        
  136.6332  136.5889  136.4487  136.2495  136.1720  136.2532  136.5114          
  136.7734  136.8877  136.9800  136.9947  137.0168  137.0390  137.1386          
  137.2161  137.3230  137.4374  137.5887  137.7842  137.9391  138.1199          
  138.2564  138.3818  138.5294  138.6585  138.8540  139.0606  139.2414          
  139.4295  139.5513  139.5918  139.5697  139.2967  138.6000  136.788115 1120   
  132.7227  124.0091  107.0060   79.5001   45.8481   16.9957   -1.0366          
   -9.7872  -13.0447  -13.3988  -12.7569  -11.5469  -10.2373   -8.9830          
   -7.8947   -7.0646   -6.3453   -5.6259   -5.0910   -4.6483   -4.1871          
   -3.8551   -3.3571   -3.3017   -2.9513   -2.8037   -2.5639   -2.3979          
   -2.2872   -2.1581   -1.9737   -1.8630   -1.7892    0.        0.    15  1120  
  133.9540  133.8650  133.7612  133.5312  133.4125  133.5349  133.7649          
  133.9058  134.0801  134.1209  134.1617  134.1617  134.2063  134.2471          
  134.3324  134.4436  134.5660  134.7218  134.8628  135.0297  135.2263          
  135.3450  135.5008  135.6195  135.7790  135.9422  136.1573  136.3613          
  136.5579  136.7285  136.8249  136.9251  136.9622  136.8769  136.5579          
  135.4266  132.8079  126.9919  114.7738   92.5223   61.1424   29.4510          
    6.0534   -6.2315  -11.2760  -12.6372  -12.0920  -11.2389  -10.0519          
   -8.9763   -8.1046   -7.1031   -6.4540   -5.7678   -5.2485   -4.8220          
   -4.3769   -4.0801   -3.7277   -3.4866   -3.2270   -2.9117   -2.7634          
   -2.5593   -2.4295   -2.2441   -2.1884   -1.9844    0.        0.    16  1120  
  132.3352  132.2758  132.1718  131.9379  131.8413  131.9490  132.1198          
  132.3352  132.4391  132.4837  132.5134  132.5431  132.5617  132.6396          
  132.6990  132.7436  132.8475  133.0629  133.1743  133.3525  133.4565          
  133.6310  133.7461  133.8315  133.9800  134.2844  134.3438  134.5443          
  134.6854  134.7783  134.9119  134.9825  135.0567  135.1607  135.0901          
  134.8339  134.2844  132.5839  128.6891  120.1049  103.4748   76.7382          
   44.5808   17.3578     .6646   -7.1622   -9.9320  -10.5261  -10.0805          
   -9.3565   -8.5211   -7.6300   -6.9060   -6.2748   -5.7179   -5.1981          
   -4.7154   -4.3998   -4.0285   -3.7872   -3.4901   -3.1560   -3.0074          
   -2.8218   -2.6547   -2.4876   -2.3020   -2.2277    0.        0.    17  1120  
   52.0524   52.0191   51.9128   51.7809   51.6628   51.6368   51.7208BM    1470
   51.9007   52.1184   52.3386   52.5474   52.7295   52.8822   53.0421BM        
   53.1996   53.3752   53.5392   53.7242   53.9044   54.0594   54.2118BM        
   54.3366   54.4613   54.5628   54.6486   54.7195   54.7321   54.7375          
   54.6925   54.5820   54.4108   54.1410   53.7805   53.3305   52.7622          
   52.0537   51.2002   50.1517   48.8598   47.2398   45.2203   42.6791          
   39.6280   36.2598   32.6976   29.0734   25.5971   22.3678   19.3897          
   16.6666   14.1971   11.9690    9.9410    8.1507    6.5183    5.0850          
    3.8214    2.7240    1.7970    1.0204     .3891    -.1281    -.5546          
    -.8797   -1.1410   -1.3517   -1.4958   -1.6224    0.        0.    BM    1470
  138.8870  137.8738  134.0460  126.1917  111.8871   89.6554   61.768001    1470
   35.5231   16.9735    6.6291    1.6159    -.5563   -1.5563   -1.9007          
   -2.1457   -2.1457   -2.0927   -2.0662   -1.9139   -1.9271   -1.8146          
   -1.8477   -1.7881   -1.7218   -1.6755   -1.6954   -1.5960   -1.5828          
   -1.5497   -1.5232   -1.4636   -1.4636   -1.4768   -1.4106   -1.4371          
   -1.3841   -1.3907   -1.3245   -1.2583   -1.2450   -1.2450   -1.1589          
   -1.2583    -.9868    -.4371     .1656     .7285     .6622     .2318          
    -.0993    -.4636    -.5629    -.7947    -.6954    -.6622    -.4636          
    -.4967    -.4636    -.3973    -.3311    -.2318     .0662     .3642          
     .8609    1.3907    1.7550    1.6225    1.1589    0.        0.    01  1470  
  144.2451  143.9636  143.0710  141.2308  137.7360  131.2199  119.210902        
   98.9007   71.3535   42.8313   20.9419    8.0197    1.5724   -1.311402        
   -2.5542   -3.0349   -3.0898   -3.1241   -3.0143   -2.9319   -2.815102        
   -2.7190   -2.6710   -2.5611   -2.5611   -2.4444   -2.3482   -2.252102        
   -2.2521   -2.1903   -2.1354   -2.1148   -2.0324   -1.9706   -1.950002        
   -1.9431   -1.8607   -1.7921   -1.7097   -1.6754   -1.6136   -1.441902        
   -1.4900   -1.3046   -1.2702   -1.1261   -1.0643    -.8926    -.652302        
    -.7210    -.5836    -.6180    -.4463    -.5150    -.4120    -.446302        
    -.3090    -.2746    -.2060    -.3090    -.2746    -.2746    -.343302        
    -.1373    -.2403    -.3090    -.2060    -.0687    0.        0.    02  1470  
  142.7370  142.7009  142.5052  142.2012  141.6810  140.8414  139.301203        
  135.4379  127.4433  112.5103   89.1346   60.8808   34.5381   15.2473          
    4.1209   -1.3084   -3.7552   -4.6617   -4.9296   -4.9966   -4.9296          
   -4.9502   -4.6308   -4.5278   -4.3990   -4.2857   -4.1312   -3.9921          
   -3.8891   -3.8427   -3.6573   -3.6109   -3.5182   -3.4512   -3.3688          
   -3.2761   -3.2194   -3.1061   -2.9773   -2.8692   -2.7146   -2.5549          
   -2.4262   -2.0759   -1.9162   -1.6793   -1.5196   -1.4166   -1.2105          
   -1.2105   -1.0560    -.8757    -.7469    -.7727    -.7212    -.6954          
    -.6439    -.5151    -.4378    -.4894    -.5151    -.4121    -.3863          
    -.3606    -.3348    -.3091    -.3348    -.2833    0.        0.    03  1470  
  138.0780  138.0382  137.9885  137.9388  137.9388  138.2172  138.639804        
  138.9730  138.8139  137.5410  133.8715  125.8513  110.7955   87.4610          
   59.0150   32.0856   12.3907     .9994   -4.5943   -7.0307   -7.9903          
   -8.2489   -8.2787   -8.1196   -7.9505   -7.7417   -7.5329   -7.3539          
   -7.1401   -6.9661   -6.8020   -6.6478   -6.4340   -6.3296   -6.1556          
   -5.9865   -5.8224   -5.6484   -5.4595   -5.2705   -5.0716   -4.8081          
   -4.5396   -4.2363   -3.8684   -3.3363   -2.7844   -2.0883   -1.5165          
    -.9944    -.6712    -.8701   -1.1436   -1.2182   -1.2679   -1.0690          
    -.8950    -.5967    -.1243     .3729     .7210     .8950     .7956          
     .4226    -.0746    -.3978    -.7458    -.8950    0.        0.    04 1470   
  135.3029  135.3559  135.2168  135.1373  135.2764  135.5481  136.257005        
  136.9793  137.7280  138.2912  138.4171  137.9400  136.0516  131.4797          
  121.7991  103.9553   77.2260   46.7067   20.9912    4.6780   -3.7503          
   -7.6066   -9.1571   -9.7005   -9.8264   -9.7468   -9.5348   -9.3162          
   -9.0710   -8.8590   -8.6204   -8.3951   -8.1367   -8.0175   -7.8054          
   -7.6133   -7.3814   -7.1760   -6.9175   -6.6459   -6.4140   -6.0032          
   -5.5791   -5.0358   -4.4659   -3.8365   -2.8492   -1.9547   -1.2589          
   -1.3583   -1.6234   -1.6896   -1.9215   -1.8553   -1.6896   -1.6234          
   -1.5571   -1.2921    -.9276    -.4638    0.         .3644    1.0270          
    1.2589    1.3252     .8614     .1325    -.3976    0.        0.    05  1470  
  131.6363  131.6569  131.5745  131.4561  131.5436  131.8424  132.352306        
  133.1765  133.9801  134.8094  135.5615  135.9530  136.2517  136.0354          
  134.9846  132.0948  125.5735  112.7061   91.2466   63.2349   34.9142          
   12.6769    -.9220   -7.8091  -10.7761  -11.9609  -12.2699  -12.2493          
  -12.0845  -11.7754  -11.5385  -11.2139  -10.9976  -10.7246  -10.4361          
  -10.1528   -9.8953   -9.6016   -9.2617   -8.9217   -8.4684   -8.0151          
   -7.4948   -6.8098   -6.1556   -5.5735   -4.9193   -4.2754   -3.8376          
   -3.5027   -3.1679   -2.8846   -2.6013   -2.3695   -2.1892   -2.0347          
   -1.8544   -1.6741   -1.5968   -1.4681   -1.3650   -1.2363   -1.2620          
   -1.1848   -1.0817   -1.0045   -1.0045    0.        0.        0.    06  1470  
  126.1006  126.0617  125.9189  125.7891  125.7826  126.0098  126.496607        
  127.2560  128.0155  128.7879  129.5539  130.1640  130.7547  131.2026          
  131.8387  132.1957  132.2931  131.8322  130.1835  125.8021  116.2084          
   98.2218   71.1868   40.3286   14.4490   -2.0382  -10.4375  -14.2088          
  -15.6887  -16.1107  -16.0522  -15.9029  -15.5395  -15.2603  -14.7865          
  -14.3386  -14.0725  -13.6441  -13.1897  -12.6769  -12.0862  -11.4306          
  -10.6582   -9.7430   -8.8862   -7.9645   -7.1726   -6.3936   -5.6472          
   -5.0630   -4.7060   -4.2516   -3.8297   -3.4402   -3.2130   -2.8885          
   -2.7262   -2.5315   -2.3043   -2.1420   -1.9148   -1.9473   -1.7526          
   -1.6877   -1.5578   -1.4929   -1.3631   -1.2982    0.        0.    07  1470  
  120.8933  120.8831  120.7513  120.6347  120.6246  120.7767  121.258208        
  121.8969  122.7079  123.3770  124.0714  124.7101  125.3184  125.8810          
  126.4640  127.0570  127.6501  128.1621  128.4662  128.3800  127.3764          
  124.6392  118.1865  105.2912   84.0626   56.0367   27.4937    5.1703          
   -8.4955  -15.3689  -18.3393  -19.4595  -19.6572  -19.4696  -19.1452          
  -18.6688  -18.2126  -17.5840  -16.9910  -16.3016  -15.4804  -14.5579          
  -13.4934  -12.4137  -11.2580  -10.0922   -9.1494   -8.1102   -7.1725          
   -6.5135   -5.8799   -5.2463   -4.9168   -4.3086   -4.0298   -3.6750          
   -3.4722   -3.1934   -2.8893   -2.7119   -2.5344   -2.4331   -2.1543          
   -2.0529   -2.0529   -1.8248   -1.6981   -1.6727    0.        0.    08  1470  
  117.4915  117.3631  117.2955  117.1536  117.0589  117.1536  117.545609        
  118.1944  118.8229  119.6475  120.1746  120.8100  121.2831  121.8305          
  122.4861  123.0876  123.6351  124.1690  124.7975  125.4126  125.8384          
  125.9803  125.6761  124.4393  120.8911  113.0105   97.7158   72.7023          
   41.9912   14.0241   -4.9878  -15.2136  -20.0055  -21.8235  -22.3980          
  -22.2020  -21.8506  -21.2355  -20.4786  -19.7486  -18.7686  -17.6129          
  -16.4031  -14.9906  -13.5442  -12.3209  -10.9489   -9.9013   -9.0565          
   -7.8062   -6.7924   -6.3193   -5.7448   -5.2041   -4.8662   -4.2917          
   -3.9876   -3.8524   -3.4469   -3.3117   -2.9400   -2.8386   -2.7372          
   -2.5007   -2.4331   -2.0614   -2.0614   -1.9600    0.        0.    09        
  113.1608  113.1878  113.1135  112.9107  112.7755  112.8160  113.248610        
  113.8097  114.4654  115.1143  115.6956  116.1688  116.7974  117.1962          
  117.7640  118.3521  118.9604  119.4877  120.1028  120.6976  121.2451          
  121.7115  122.2455  122.4280  122.3469  121.3263  118.5481  112.1671          
   99.0334   76.4499   46.3837   16.7162   -4.7722  -16.8852  -22.7457          
  -24.9696  -25.5441  -25.2738  -24.7060  -23.7934  -22.7187  -21.3195          
  -19.8391  -18.1628  -16.5811  -14.8101  -13.3838  -11.8629  -10.5110          
   -9.4971   -8.6184   -7.8072   -6.7933   -6.4215   -5.7456   -5.3738          
   -4.9006   -4.4951   -4.1233   -3.9543   -3.7177   -3.3797   -3.2446          
   -3.0418   -2.7038   -2.7376   -2.5686   -2.3658    0.        0.    10        
  108.7459  108.6242  108.5566  108.3741  108.2390  108.2660  108.685011        
  109.1514  109.8205  110.4152  110.9221  111.4628  111.8616  112.3820          
  112.9294  113.4498  113.9365  114.5650  115.1395  115.7410  116.2411          
  116.8021  117.3225  117.8565  118.2755  118.5661  118.6269  117.9916          
  115.8154  110.5301   99.2500   79.1364   50.3313   19.8770   -4.0619          
  -18.3293  -25.1758  -27.8657  -28.3388  -27.8725  -26.8654  -25.3380          
  -23.7159  -21.4991  -19.5053  -17.4642  -15.6799  -13.7200  -12.4358          
  -11.1517   -9.9013   -9.0227   -7.9414   -7.3669   -6.7248   -6.0152          
   -5.6434   -5.2379   -4.7648   -4.5621   -4.1565   -3.8186   -3.6159          
   -3.3793   -3.2441   -3.1090   -2.9400   -2.7034    0.        0.    11        
  106.1890  106.2001  106.0627  105.8547  105.6875  105.7804  106.118412        
  106.6161  107.1881  107.7415  108.3061  108.7406  109.1975  109.6692          
  110.1297  110.5791  111.1177  111.6563  112.2320  112.7148  113.2311          
  113.7436  114.2413  114.7650  115.2850  115.7456  116.2136  116.5404          
  116.4513  115.7085  113.3128  107.7526   96.0752   74.7223   44.3847          
   13.1408   -9.6309  -22.1441  -27.6411  -29.2790  -29.0748  -27.7971          
  -25.9177  -23.7374  -21.5312  -19.3250  -17.2525  -15.3211  -13.6311          
  -12.2197  -10.8826   -9.7869   -8.8212   -8.0412   -7.3727   -6.7041          
   -6.1841   -5.7756   -5.2742   -5.0327   -4.6056   -4.3270   -4.0113          
   -3.7513   -3.5656   -3.4171   -3.1942   -3.0271    0.        0.    12        
  103.3727  103.3429  103.1832  102.9789  102.8452  102.9120  103.231513        
  103.7033  104.2085  104.7471  105.2411  105.7315  106.1215  106.5524          
  107.0353  107.5220  107.9380  108.4989  108.9670  109.4685  110.0034          
  110.4009  110.9581  111.4336  111.9053  112.4440  112.9343  113.3689          
  113.7070  113.7775  113.3763  111.8905  108.2723  100.1706   84.1454          
   57.7933   25.7652   -1.8573  -19.0378  -27.1842  -29.9330  -30.0371          
  -28.5698  -26.5192  -24.2458  -21.6641  -19.4093  -17.2548  -15.3046          
  -13.6701  -12.2957  -10.9955  -10.1411   -9.0267   -8.3024   -7.5223          
   -6.7793   -6.4450   -6.0178   -5.5349   -5.1449   -4.8105   -4.4762          
   -4.1605   -3.9376   -3.7147   -3.4547   -3.2318    0.        0.    13        
  101.7975  101.7240  101.6101  101.4263  101.2426  101.3124  101.584314        
  102.0180  102.5876  103.0360  103.5137  103.9510  104.3479  104.6824          
  105.2005  105.5607  106.0899  106.5088  106.9609  107.4349  107.9237          
  108.3353  108.6550  109.1401  109.4635  110.0332  110.5146  110.9299          
  111.2643  111.5730  111.6575  111.4113  110.4962  108.1552  102.6721          
   91.0996   70.1190   40.0060    9.1765  -13.0315  -24.6739  -29.2420          
  -29.8961  -28.6282  -26.3461  -23.8691  -21.2599  -19.0916  -16.9050          
  -15.2000  -13.3954  -12.0724  -10.8412   -9.8306   -8.9302   -8.103414  1470  
   -7.4786   -6.7804   -6.3577   -5.9535   -5.4206   -5.0531   -4.7040          
   -4.3732   -4.1344   -3.8404   -3.6750   -3.3810    0.        0.    14        
   98.9529   98.8934   98.7745   98.5738   98.3731   98.4065   98.659315        
   99.1052   99.5921  100.0715  100.5360  100.9560  101.3202  101.7216          
  102.1304  102.5392  103.0074  103.4720  103.8994  104.3528  104.7467          
  105.1890  105.5941  106.0177  106.3968  106.8316  107.2293  107.6827          
  108.0097  108.2736  108.5152  108.6006  108.4891  107.9763  106.4971          
  102.9443   95.0543   79.2894   53.4455   21.9230   -4.8202  -20.9939          
  -27.9510  -29.6755  -28.5419  -26.2824  -23.5806  -21.1277  -18.6006          
  -16.7238  -14.9771  -13.4162  -12.0226  -10.8333   -9.8299   -9.0123          
   -8.2318   -7.5257   -6.9497   -6.5223   -5.9648   -5.5189   -5.1844          
   -4.8313   -4.4968   -4.1995   -3.9394   -3.7350    0.        0.    15        
   95.2589   95.2252   95.0790   94.8804   94.7343   94.6780   94.962816        
   95.3451   95.8098   96.2932   96.7054   97.1251   97.4624   97.8071          
   98.2193   98.5828   99.0025   99.4148   99.8607  100.2729  100.6402          
  101.0636  101.3934  101.8019  102.1354  102.5288  102.8699  103.2484          
  103.5406  103.7992  103.9828  104.0803  104.1927  104.1477  103.8929          
  103.0048  100.8013   95.6824   84.6725   64.3578   35.3680    5.8310          
  -14.8097  -25.0214  -28.0455  -27.6820  -25.4261  -22.9903  -20.4983          
  -18.3248  -16.2637  -14.5961  -13.0222  -11.7856  -10.7738   -9.7620          
   -8.9563   -8.2630   -7.6447   -7.0451   -6.6142   -6.1457   -5.6960          
   -5.3400   -5.0403   -4.7217   -4.4407   -4.2158    0.        0.    16        
   92.3898   92.2664   92.2104   91.9749   91.8217   91.8068   92.057217        
   92.3973   92.8495   93.2793   93.7165   94.1575   94.4191   94.7555          
   95.1180   95.4917   95.8916   96.4186   96.7026   97.1025   97.4501          
   97.8275   98.1303   98.4778   98.7768   99.1057   99.4533   99.7037          
   99.9354  100.0849  100.2269  100.3054  100.3166  100.2493  100.2493          
  100.0438   99.4533   98.0443   94.5910   86.9819   71.8795   47.3179          
   17.6475   -6.8766  -20.7981  -26.0565  -26.2172  -24.7596  -22.6293          
  -20.1814  -18.0698  -16.2012  -14.5007  -13.1927  -11.8846  -10.8382          
   -9.8478   -9.0069   -8.3902   -7.7736   -7.1569   -6.4282   -5.9984          
   -5.6433   -5.3257   -4.9893   -4.7837   -4.5408    0.        0.    17        
   36.5000   36.4974   36.5136   36.5267   36.5636   36.6322   36.7653EM        
   36.9608   37.2163   37.5004   37.7945   38.0704   38.3374   38.5839BM        
   38.8289   39.0479   39.2584   39.4444   39.6070   39.7561   39.8619BM        
   39.9471   40.0236   40.0724   40.0992   40.0747   40.0022   39.8805          
   39.6513   39.3749   38.9964   38.5240   37.9379   37.2602   36.4641          
   35.5687   34.5596   33.4387   32.1636   30.7356   29.1342   27.3487          
   25.4203   23.3673   21.3033   19.2316   17.2167   15.2708   13.4259          
   11.6671   10.0027    8.4197    6.9690    5.6104    4.3624    3.2216          
    2.2351    1.3627     .6262     .0105    -.4908    -.9065   -1.2304          
   -1.4938   -1.6854   -1.8295   -1.9385   -2.0136    0.        0.    EM        
  126.6642  125.8209  122.8210  116.0617  103.2704   82.5030   56.212201        
   31.3313   14.0402    4.5000     .1802   -1.6609   -2.2982   -2.6329          
   -2.7295   -2.5042   -2.4076   -2.3111   -2.1566   -2.0214   -1.9763          
   -1.9119   -1.8218   -1.7639   -1.7188   -1.6158   -1.5514   -1.4871          
   -1.4677   -1.3841   -1.3197   -1.3776   -1.3905   -1.4034   -1.4549          
   -1.4871   -1.5579   -1.5386   -1.6416   -1.6029   -1.8025   -1.9892          
   -2.2209   -1.7961   -1.5064   -1.5845   -1.8347   -1.5128    -.9656          
    -.1287    -.4506    -.6437    -.5472    -.7403    -.7725    -.7725          
    -.6437    -.6437    -.4828    -.4184    -.1287   -0.         .4828          
     .9978    1.3841    1.7381    2.2000    1.1909    0.        0.    01        
  129.2215  129.1226  128.7334  127.7373  125.2307  119.7294  108.766402        
   89.7822   63.6807   36.9525   16.5369    4.7757    -.8179   -3.172802        
   -4.1491   -4.3470   -4.3338   -4.1227   -3.9446   -3.7599   -3.575202        
   -3.4235   -3.2256   -3.1200   -2.9815   -2.9222   -2.7507   -2.664902        
   -2.5066   -2.4274   -2.3153   -2.2032   -2.0712   -2.0317   -1.939302        
   -1.8338   -1.7348   -1.6359   -1.5831   -1.4710   -1.3456   -1.213702        
   -1.1544   -1.1148    -.9894    -.8443    -.4947    -.5607    -.659602        
    -.5277    -.4947    -.4288    -.5277    -.3958    -.3958    -.362802        
    -.3958    -.3628    -.3958    -.1979    -.2968    -.2968    -.263902        
    -.2309    -.3298    -.2309    -.1319    -.1979    0.        0.    02        
  126.2843  126.4228  126.6000  126.8494  126.9657  126.7773  125.600003        
  122.6500  115.5755  101.8473   80.3688   53.7934   28.9133   10.9138 3        
     .6648   -4.1051   -6.0109   -6.5981   -6.6646   -6.4763   -6.2270 3        
   -5.9943   -5.7007   -5.5000   -5.2519   -5.0580   -4.7921   -4.5927 3        
   -4.4265   -4.2547   -4.0664   -3.8725   -3.7506   -3.5179   -3.3849 3        
   -3.2409   -3.0359   -2.9251   -2.7534   -2.5761   -2.4265   -2.2326 3        
   -2.0110   -1.9833   -1.6454   -1.5290   -1.4958   -1.2465   -1.1357 3        
   -1.0803    -.9418    -.8033    -.7202    -.7479    -.6371    -.5817 3        
    -.5263    -.4709    -.5540    -.3601    -.4155    -.3601    -.3601 3        
    -.3878    -.3047    -.3324    -.3324    -.2770    0.        0.    03        
  120.5440  120.6942  120.8977  121.3241  121.9298  122.6518  123.499804        
  124.3042  124.6627  124.2605  121.6778  114.7826  101.1325   79.2595          
   52.3000   26.7622    8.3441   -2.1757   -7.0988   -9.0031   -9.6379          
   -9.5797   -9.3908   -9.0516   -8.7075   -8.2908   -7.9516   -7.6221          
   -7.2684   -6.9777   -6.7112   -6.3817   -6.1878   -5.8002   -5.5870 4        
   -5.3302   -4.9667   -4.7729   -4.4628   -4.0509   -3.4743   -3.0237          
   -2.3647   -1.8559   -1.2356   -1.0515    -.8964    -.3150     .0969          
     .4361     .3876     .1454    -.1938    -.5088    -.4846    -.4603          
    -.2181    -.0969     .2665     .6784    1.0418    1.0176     .9449          
     .6057     .0485    -.2423    -.6057    -.8238    0.        0.    04        
  115.1664  115.1728  115.4827  115.9347  116.5674  117.3810  118.414005        
  119.3050  120.7190  121.9070  122.9207  123.2565  122.3719  118.9112          
  110.2852   93.6530   68.3431   39.2000   14.7275    -.7000   -8.2515          
  -11.5379  -12.7389  -12.8874  -12.6678  -12.2417  -11.7962  -11.2732          
  -10.8019  -10.3564   -9.9238   -9.4847   -9.1748   -8.6970   -8.3871          
   -7.9674   -7.6575   -7.1733   -6.8246   -6.4824   -6.0434   -5.5656          
   -5.4300   -5.1072   -4.6165   -4.0095   -2.6472   -1.7110   -1.1945          
    -.8394   -1.2268   -1.5819   -1.8724   -1.9693   -2.0015   -1.8078          
   -1.6141   -1.2913   -1.0653    -.5165    -.1614     .3874     .9362          
    1.2590    1.1299     .5811    0.        -.4197    0.        0.    05        
  110.4614  110.5500  110.7881  111.1647  111.6964  112.4496  113.341306        
  114.4600  115.6729  117.1073  118.4033  119.7380  120.7903  121.3995          
  121.1946  119.1953  113.6625  101.7995   81.5127   54.7073   27.5641          
    6.2749   -6.5020  -12.7879  -15.2469  -15.9558  -15.9503  -15.4629          
  -14.9146  -14.3165  -13.7294  -13.1424  -12.5387  -12.0126  -11.4255          
  -10.9104  -10.3234   -9.8416   -9.2656   -8.7007   -8.1856   -7.6262          
   -7.0447   -6.6737   -6.0146   -5.3500   -4.9568   -4.2645   -4.0153          
   -3.6276   -3.2676   -3.0738   -2.7415   -2.5199   -2.2707   -2.1599          
   -1.9661   -1.8553   -1.6615   -1.6061   -1.4123   -1.4123   -1.3015          
   -1.2461   -1.1077   -1.1077    -.9969   -1.0523    0.        0.    06        
  103.6918  103.8468  104.1126  104.4300  104.8508  105.4635  106.246007        
  107.2279  108.4312  109.6271  110.9486  112.2036  113.5028  114.7505 7        
  115.9021  116.9947  117.7403  117.9101  116.8987  113.2002  104.5555 7        
   87.6427   61.7529   31.9284    7.1682   -8.4454  -16.0639  -19.2383 7        
  -20.0799  -19.9617  -19.4524  -18.7510  -17.9464  -17.2229  -16.3813 7        
  -15.6209  -14.8310  -14.0116  -13.3177  -12.4835  -11.7157  -10.9258 7        
   -9.9218   -9.3977   -8.4675   -7.7588   -6.8655   -6.1273   -5.5736 7        
   -5.0200   -4.7247   -4.2079   -3.8757   -3.5435   -3.2113   -2.9529 7        
   -2.6576   -2.5838   -2.2885   -2.2516   -2.0301   -1.9194   -1.8825 7        
   -1.6979   -1.5872   -1.5134   -1.4026   -1.4395    0.        0.    07        
   98.2274   98.3295   98.5045   98.8010   99.2288   99.7296  100.424708        
  101.3581  102.3887  103.5214  104.7464  105.9617  107.1382  108.358408        
  109.4667  110.6091  111.7321  112.6946  113.5745  113.9975  113.535608        
  111.3870  105.7138   93.8182   73.6730   46.8240   19.4987   -1.764708        
  -14.4818  -20.5779  -22.8530  -23.3099  -22.9356  -22.1578  -21.1321 8        
  -20.2133  -19.2362  -18.2688  -17.2722  -16.2999  -15.2742  -14.2485 8        
  -13.1498  -12.0755  -11.0351  -10.0678   -8.9934   -8.5802   -7.4135 8        
   -6.7086   -6.0766   -5.4203   -4.8613   -4.5210   -4.2293   -3.8647 8        
   -3.3786   -3.3543   -2.9654   -2.8925   -2.6737   -2.5279   -2.3820 8        
   -2.1876   -2.1147   -1.9931   -1.8230   -1.6771    0.        0.    08        
   93.3159   93.3804   93.4838   93.8002   94.0843   94.6332   95.259609        
   96.0538   97.0160   98.0233   99.1727  100.1865  101.3101  102.3821          
  103.3959  104.4291  105.6237  106.5600  107.5609  108.5230  109.3625          
  110.0018  110.2601  109.4335  106.7796   99.8120   85.3539   61.5584          
   32.2612    5.6179  -12.2820  -21.3740  -25.0935  -26.0039  -25.7973 9        
  -24.9708  -23.8988  -22.7365  -21.4257  -20.1987  -18.9266  -17.5835          
  -16.1500  -14.7035  -13.5347  -12.4305  -10.8807   -9.8475   -8.8789          
   -7.9749   -7.3614   -6.6188   -6.2314   -5.5211   -5.2628   -4.5525          
   -4.2296   -4.0359   -3.7453   -3.4547   -3.1641   -3.0350   -2.8413          
   -2.5830   -2.4861   -2.3570   -2.2601   -2.1632    0.        0.    09        
   89.0045   89.0303   89.0885   89.3727   89.6828   90.0445   90.625910        
   91.3365   92.2603   93.2228   94.2628   95.2641   96.2073   97.2409          
   98.2098   99.1659  100.2253  101.1491  102.1181  103.0289  103.9527          
  104.7666  105.6904  106.4010  106.8855  106.4333  104.4436   98.7137          
   86.5626   65.1739   36.6664    8.5206  -11.5115  -22.4998  -27.0864          
  -28.3913  -28.0230  -27.0864  -25.7427  -24.3797  -22.9262  -21.3435          
  -19.5541  -18.0619  -16.4469  -14.8771  -13.2105  -11.6278  -10.7880          
   -9.6575   -8.8501   -8.0426   -7.2351   -6.6860   -6.1046   -5.5878          
   -5.1356   -4.7480   -4.3927   -4.1343   -3.8436   -3.5529   -3.4237          
   -3.1331   -2.9070   -2.8424   -2.6809   -2.5194    0.        0.    10        
   84.9272   84.9272   85.0435   85.2309   85.5668   85.9222   86.458411        
   87.1174   87.9444   88.7714   89.7211   90.6579   91.5947   92.4734          
   93.3456   94.2631   95.1417   96.0979   96.9184   97.7131   98.5724          
   99.3219  100.2587  101.1373  101.9514  102.6879  103.1531  102.9851          
  101.4281   96.8732   86.6845   67.7867   40.7612   11.9525  -10.2274          
  -23.0198  -28.4727  -30.1202  -29.8683  -28.7183  -27.1289  -25.3586          
  -23.3170  -21.4628  -19.4276  -17.5346  -15.6351  -14.0522  -12.8893          
  -11.5002  -10.4019   -9.3359   -8.4960   -7.7530   -7.1069   -6.4931          
   -5.9762   -5.5563   -5.1686   -4.8779   -4.4903   -4.1349   -3.9411          
   -3.6827   -3.4565   -3.2950   -3.0689   -2.8751    0.        0.    11        
   81.1915   81.2182   81.3173   81.4925   81.7554   82.0984   82.647012        
   83.2757   84.1025   84.9332   85.8400   86.7430   87.6003   88.4538          
   89.1129   90.1265   90.9495   91.7572   92.3478   93.2737   93.9367          
   94.6644   95.3960   96.1199   96.8972   97.7354   98.4403   99.0080          
   99.3548   99.0423   97.3049   92.6374   82.0450   62.3006   33.7850          
    4.5608  -16.1857  -27.0753  -31.2589  -32.0400  -31.1141  -29.3995          
  -27.3229  -25.1168  -22.9450  -20.7199  -18.6509  -16.6696  -14.9550          
  -13.3929  -12.0974  -10.9162   -9.9065   -9.0111   -8.2872   -7.5251          
   -6.9346   -6.3821   -5.8868   -5.4676   -5.0485   -4.7246   -4.4770          
   -4.1341   -3.8674   -3.6578   -3.4482   -3.2768    0.        0.    12        
   78.8381   78.8637   78.9260   79.0689   79.3069   79.5890   80.006513        
   80.6036   81.3215   82.0833   82.9001   83.7023   84.5191   85.2443          
   86.0355   86.8120   87.5592   88.2954   89.0390   89.7459   90.4089          
   91.0352   91.7714   92.4820   93.2402   93.9764   94.6760   95.3793          
   95.9177   96.3243   96.3280   95.4342   92.4784   85.5117   70.9045          
   46.4809   16.6804   -8.6442  -24.0646  -30.7932  -32.5660  -31.9250          
  -30.1705  -27.9838  -25.5370  -23.0866  -20.6399  -18.6253  -16.6657          
  -14.8710  -13.3692  -12.0323  -10.8785   -9.9079   -8.9739   -8.3512          
   -7.5637   -6.9410   -6.4282   -5.8971   -5.4942   -5.1096   -4.7616          
   -4.4503   -4.1756   -3.9375   -3.7177   -3.4797    0.        0.    13        
   75.9101   75.9064   75.9578   76.0934   76.2878   76.5371   76.980814        
   77.5198   78.2092   78.9022   79.7089   80.4899   81.2086   81.9530          
   82.6790   83.3940   84.1384   84.8167   85.4438   86.0965   86.7088          
   87.2625   87.9665   88.5899   89.1949   89.8733   90.4856   91.1420          
   91.6370   92.1173   92.4950   92.6087   92.1797   90.5406   86.0378          
   75.8551   56.6887   28.7587     .4290  -19.6724  -29.7451  -33.0929          
  -32.9425  -31.2631  -28.8577  -26.1883  -23.4492  -20.9924  -18.7557          
  -16.6839  -15.0339  -13.4388  -12.1738  -11.0004   -9.9370   -9.222014        
   -8.3786   -7.6819   -7.0953   -6.5819   -6.0502   -5.6652   -5.2619          
   -4.9318   -4.6385   -4.3452   -4.0701   -3.8501    0.        0.    14        
   73.5113   73.5371   73.6326   73.7355   73.9377   74.1839   74.573515        
   75.1064   75.7054   76.4294   77.1645   77.8885   78.5905   79.2814          
   79.9613   80.6192   81.2991   81.8981   82.5229   83.0963   83.6659          
   84.2245   84.7795   85.3418   85.8857   86.4370   86.9846   87.4808          
   87.9438   88.3702   88.7597   89.0574   89.2632   89.1750   88.3224          
   85.6505   79.0131   64.9628   41.3350   12.1906  -12.3082  -26.7628          
  -32.5880  -33.4847  -31.9632  -29.4273  -26.2225  -23.5764  -20.9670          
  -18.7251  -16.7222  -14.9581  -13.4512  -12.1465  -11.0624   -9.9782          
   -9.1329   -8.3795   -7.7363   -7.1115   -6.5786   -6.1008   -5.6966          
   -5.3107   -4.9983   -4.7043   -4.3919   -4.1346    0.        0.    15        
   71.1412   71.1743   71.2589   71.3252   71.4760   71.6894   72.064716        
   72.5578   73.1538   73.7977   74.4968   75.1848   75.8692   76.5278          
   77.1460   77.7972   78.3933   78.9820   79.5376   80.0564   80.5678          
   81.0645   81.5428   82.0433   82.4701   82.9741   83.3899   83.7983          
   84.1074   84.4533   84.6961   84.9831   85.2149   85.4688   85.5681          
   85.2774   83.9565   79.9607   70.5194   52.0377   25.1119   -2.5461          
  -21.8446  -31.0137  -33.5083  -32.4744  -29.3984  -26.5837  -23.7321          
  -21.1198  -18.7281  -16.7229  -14.9936  -13.4666  -12.2156  -11.0014          
  -10.0632   -9.2905   -8.4074   -7.7819   -7.2116   -6.7333   -6.1814          
   -5.8135   -5.4823   -5.0776   -4.7832   -4.4705    0.        0.    16        
   68.6502   68.6980   68.7532   68.8452   68.9519   69.1800   69.525817        
   69.9894   70.5487   71.1447   71.8437   72.4876   73.1241   73.7275          
   74.3456   74.9122   75.4346   76.0159   76.5347   76.9836   77.4766          
   77.8666   78.3228   78.7349   79.1543   79.5627   79.9085   80.2102          
   80.4236   80.6113   80.7327   80.8467   80.9681   81.0638   81.2367          
   81.3802   81.2846   80.5708   78.1536   71.6745   58.0063   35.0002          
    7.1744  -15.7028  -28.2195  -32.2371  -31.1812  -29.0289  -26.1775          
  -23.4181  -20.7507  -18.5064  -16.5380  -14.8640  -13.3555  -12.1046          
  -10.9640  -10.0442   -9.1796   -8.4622   -7.7815   -7.1560   -6.6961          
   -6.2914   -5.9235   -5.4636   -5.0957   -4.8198    0.        0.    17        
   32.5000   32.5050   32.5050   32.4900   32.4725   32.4500   32.4725BM 2090   
   32.5300   32.5975   32.7050   32.8250   32.9575   33.0825   33.1975BM  2090 M
   33.3200   33.4150   33.4775   33.5225   33.5550   33.5500   33.5500BM  2090UJ
   33.5100   33.4475   33.3775   33.2725   33.1200   32.9225   32.6725          
   32.3650   31.9950   31.5550   31.0425   30.4500   29.7950   29.0475          
   28.2325   27.3300   26.3300   25.2050   23.9825   22.6625   21.2500          
   19.7600   18.2600   16.7625   15.2550   13.7675   12.3150   10.9050          
    9.5500    8.2075    6.9275    5.7150    4.5600    3.5050    2.5900          
    1.7200     .9675     .3150    -.2350    -.6850   -1.0425   -1.3200          
   -1.5425   -1.7125   -1.8250   -1.9150   -1.9725    0.        0.    BM 2090 70
  121.0695  120.3556  117.5740  111.2028   98.8982   78.7945   53.1345          
   28.9091   12.0718    2.8989   -1.1084   -2.7517   -3.3443   -3.4319          
   -3.3713   -3.2366   -3.0413   -2.8325   -2.7247   -2.5429   -2.4755          
   -2.3610   -2.2802   -2.1725   -2.1388   -2.0714   -2.0108   -1.9704          
   -1.8963   -1.8492   -1.7953   -1.8020   -1.8155   -2.7549   -1.7212          
   -1.7684   -1.7280   -1.8155   -1.8223   -1.9367   -2.0310   -2.3072          
   -2.2466   -2.4217   -2.1590   -1.6067    -.8592    -.6908    -.9939          
   -1.6673   -1.8357   -2.1051   -2.1388   -1.9704   -1.7684   -2.0714          
   -1.8020   -1.6337   -1.5327   -1.4316   -1.1622    -.8255    -.3877          
     .2521     .8919    1.2623    1.2287    -.7245    0.        0.              
  121.9546  121.9926  121.7706  120.9837  118.6614  113.6043  103.274302 2090   
   84.9113   59.7019   33.5090   13.7564    2.3985   -2.8870   -5.000002 2090   
   -5.6599   -5.7424   -5.5711   -5.2538   -5.0444   -4.8985   -4.625602 2090   
   -4.3591   -4.1117   -4.0102   -3.8262   -3.6294   -3.4645   -3.382002 2090   
   -3.2931   -3.1599   -3.0013   -2.8997   -2.7538   -2.7285   -2.557102 2090   
   -2.4937   -2.3668   -2.1828   -2.0939   -2.0178   -1.7893   -1.776702 2090   
   -1.5800   -1.4721   -1.4467   -1.4658   -1.1421   -1.0787   -1.173902 2090   
   -1.1104    -.6028    -.8249    -.8566    -.8249    -.8566    -.697902 2090   
    -.4442    -.4442    -.2221    -.6028    -.4124    -.4124    -.507602 2090   
    -.3807    -.3173    -.4442    -.2539    -.2539    0.        0.    02 2090   
  118.9864  119.0480  119.4078  119.7162  119.9989  120.0503  119.053203 2090   
  116.2982  109.5600   96.4175   75.5242   49.9280   25.9714    8.7017          
    -.9663   -5.3403   -6.9953   -7.2985   -7.1546   -6.8873   -6.5018          
   -6.1575   -5.7977   -5.5767   -5.2375   -5.0062   -4.7749   -4.4716          
   -4.2660   -4.0964   -3.8548   -3.6801   -3.5053   -3.3717   -3.1970          
   -3.0016   -2.8423   -2.6778   -2.5082   -2.3540   -2.2564   -2.0816          
   -1.9531   -1.8246   -1.7116   -1.5419   -1.5933   -1.3363   -1.1308          
   -1.1308   -1.1308    -.8738    -.8224    -.8224    -.5654    -.5140          
    -.5654    -.5140    -.4626    -.3598    -.5140    -.5140    -.4626          
    -.4626    -.4112    -.3084    -.1542    -.3598    0.        0.    03 2090   
  112.7565  112.9159  113.2091  113.6824  114.3408  115.0250  115.848004 2090   
  116.6248  116.9900  116.6711  114.2842  107.9520   95.0971   74.1919          
   48.2764   23.6521    5.9156   -4.0535   -8.5133  -10.1594  -10.5401          
  -10.3446   -9.9845   -9.5164   -9.0843   -8.5853   -8.1532   -7.7469          
   -7.3302   -6.9856   -6.5946   -6.2551   -5.9619   -5.6584   -5.4012          
   -5.1440   -4.8302   -4.5833   -4.3261   -4.0843   -3.7243   -3.4773          
   -3.2356   -2.7572   -2.4846   -2.2479   -1.8518   -1.3632    -.7716          
    -.4115    -.3086    -.4115    -.8488    -.8745    -.8745    -.8488          
    -.5658    -.3086     .0514     .4887     .8745     .9774     .8230          
     .4630     .0257    -.3344    -.5401    0.        0.        0.    04 2090   
  106.9704  106.9841  107.0800  107.3747  107.8203  108.5673  109.451505 2090   
  110.5893  111.6996  112.9608  114.0026  114.6057  114.0711  111.1924          
  103.4611   87.8409   63.6257   35.4146   11.9054   -2.8170   -9.9657          
  -12.8512  -13.6737  -13.5778  -13.1597  -12.5085  -11.8780  -11.1994          
  -10.6717  -10.1850   -9.6162   -9.0473   -8.6223   -8.2111   -7.7450          
   -7.3406   -6.9157   -6.6895   -6.2714   -5.9972   -5.6751   -5.4969          
   -5.2913   -4.8115   -4.3797   -4.3934   -4.7978   -3.5641   -2.9472          
   -2.8101   -2.9129   -3.0500   -2.9815   -2.8101   -2.9129   -2.3304          
   -2.0905   -2.0905   -1.5421   -1.0281    -.4798     .1028     .7539          
     .9596     .9596     .5483     .2742    0.        0.        0.    05 2090   
  102.0165  102.1690  102.4835  102.8313  103.2983  103.9463  104.608606 2090   
  105.6188  106.7337  107.9869  109.2877  110.6076  111.8131  112.7470          
  112.9901  111.7941  106.6099   95.5362   76.1669   50.2554   23.9484          
    3.6213   -8.6197  -14.2709  -16.3579  -16.7534  -16.3674  -15.7718          
  -14.9523  -14.1660  -13.4275  -12.8176  -12.1219  -11.4453  -10.8259          
  -10.2779   -9.7013   -9.2010   -8.6816   -8.1099   -7.5762   -7.0282          
   -6.4707   -5.9323   -5.3939   -4.9555   -4.4552   -4.2408   -3.7643          
   -3.4069   -3.0734   -3.0257   -2.5969   -2.4301   -2.3824   -2.0251          
   -1.7868   -1.7154   -1.5724   -1.4771   -1.4533   -1.4056   -1.3103          
   -1.1674   -1.1912    -.9530   -1.0245   -1.0483    0.        0.    06 2090   
   95.8634   95.9524   96.1557   96.4479   96.8100   97.2865   97.972707 2090   
   98.7668   99.7198  100.6728  101.8799  103.0870  104.4593  105.8761          
  107.2801  108.6778  109.8659  110.3233  109.8595  106.6067   98.5127          
   82.3819   57.2804   28.4369    4.5108  -10.2350  -17.3252  -19.8855          
  -20.3366  -19.9046  -19.1549  -18.2718  -17.2362  -16.3023  -15.5209          
  -14.6568  -13.7293  -12.9986  -12.2553  -11.4802  -10.7051   -9.8919          
   -9.1105   -8.4180   -7.7001   -7.0711   -6.3532   -5.9402   -5.1143          
   -4.7967   -4.4472   -3.9072   -3.6531   -3.4307   -3.0813   -2.9542          
   -2.4460   -2.3824   -2.2872   -2.0013   -1.9377   -1.9377   -1.5565          
   -1.6201   -1.6201   -1.3659   -1.4930   -1.2389    0.        0.    07 2090   
   90.3997   90.5331   90.6713   90.9667   91.2716   91.6719   92.229408 2090   
   92.8822   93.7399   94.6166   95.6029   96.7418   97.9187   99.1004          
  100.4488  101.7973  103.1553  104.3561  105.4996  106.1620  106.1143          
  104.4228   99.2433   88.0458   68.5764   42.6649   16.3150   -4.1169          
  -16.0720  -21.5659  -23.3957  -23.4576  -22.8525  -21.8709  -20.8607          
  -19.7839  -18.8976  -18.0494  -17.0583  -16.1673  -15.1190  -13.9230          
  -12.7652  -11.5930  -10.5209   -9.5822   -8.4815   -7.6715   -6.9806          
   -6.4326   -5.8132   -5.3129   -4.8364   -4.4314   -4.0025   -3.6928          
   -3.4784   -3.1925   -2.9304   -2.7875   -2.5969   -2.4301   -2.2872          
   -2.1204   -1.9536   -1.8821   -1.7630   -1.6439    0.        0.    08 2090   
   84.6104   84.6233   84.7842   84.9516   85.1382   85.5823   86.065109 2090   
   86.6637   87.2688   88.1699   88.9487   89.9207   90.8862   92.0126          
   93.1004   94.3620   95.6172   96.8659   98.0374   99.1895  100.2902          
  101.2171  101.7320  101.3008   99.0351   92.5855   79.1070   56.0122          
   27.6585    1.6500  -15.0490  -23.4103  -26.5385  -27.2144  -26.5964          
  -25.5923  -24.4595  -23.2365  -21.9491  -20.7712  -19.4517  -18.4218          
  -17.2310  -15.8021  -14.6692  -13.2596  -12.4872  -11.2320  -10.0413          
   -9.0436   -8.1746   -7.5631   -6.7907   -6.2114   -5.8896   -5.2781          
   -4.9884   -4.5057   -4.2804   -3.9264   -3.6367   -3.3471   -3.1218          
   -2.9609   -2.8965   -2.6390   -2.4781   -2.3172    0.        0.    09 2090   
   81.0831   81.0831   81.2054   81.4049   81.5659   82.0422   82.190210 2090   
   82.7502   83.2394   83.9474   85.0095   85.7304   86.5607   87.6163          
   88.6269   89.6697   90.6867   91.7101   92.8623   93.8149   94.8898          
   95.9326   96.9753   97.9987   98.6488   98.5459   96.9109   91.8774          
   80.2463   59.7776   32.2028    5.2330  -13.9355  -24.0861  -28.1606          
  -29.0424  -28.4888  -27.3495  -25.9463  -24.4852  -22.7730  -21.2604          
  -19.4517  -17.9455  -16.4329  -14.8945  -13.4849  -12.0688  -11.1033          
   -9.9447   -8.9470   -8.3033   -7.4022   -6.8229   -6.2436   -5.7287          
   -5.3425   -4.9884   -4.6022   -4.3770   -3.8942   -3.6689   -3.5724          
   -3.1862   -2.9609   -2.8000   -2.5425   -2.5103    0.        0.    10 2090   
   77.1825   77.1631   77.3241   77.4142   77.5880   77.7618   78.077211 2090   
   78.4634   79.0813   79.7185   80.3815   81.0573   81.9585   82.7438          
   83.5998   84.6233   85.4279   86.3741   87.1980   88.0927   88.9745          
   89.8692   90.8283   91.7809   92.8558   93.7956   94.5744   94.6452          
   93.3836   89.3028   79.9116   61.9210   35.9361    8.3033  -12.9120          
  -25.0452  -29.8920  -31.2051  -30.4456  -29.1196  -27.2916  -25.1482          
  -23.4038  -21.3570  -19.5418  -17.7138  -15.8343  -14.5791  -12.9378          
  -11.7470  -10.6849   -9.6872   -8.6895   -7.9171   -7.2735   -6.6620          
   -6.2436   -5.5999   -5.4068   -4.7310   -4.4091   -4.1839   -3.9908          
   -3.4758   -3.6367   -3.1218   -3.0896   -2.8965    0.        0.    11 2090   
   74.1641   74.2131   74.2795   74.3774   74.5067   74.7060   74.936812 2090   
   75.2339   75.7793   76.3037   76.9854   77.6496   78.3279   79.0900          
   79.8976   80.7366   81.5127   82.3762   83.1314   83.8970   84.5647          
   85.4073   86.2673   87.2042   88.0782   88.9977   89.9136   90.6163          
   91.2176   91.2491   89.9311   85.7464   75.9121   56.9988   29.4538          
    1.3564  -18.4764  -28.8315  -32.4429  -32.7191  -31.4850  -29.6321          
  -27.4786  -25.1852  -22.9687  -20.6159  -18.6162  -16.8682  -15.2076          
  -13.5120  -12.3234  -11.1173  -10.0160   -9.2644   -8.2156   -7.5164          
   -7.0969   -6.3627   -5.8908   -5.5237   -5.0692   -4.7021   -4.4224          
   -4.0728   -3.8806   -3.5135   -3.4261   -3.1814    0.        0.    12 2090   
   71.3624   71.4072   71.4968   71.5640   71.6873   71.8516   72.120413 2090   
   72.4490   72.9083   73.4012   73.9501   74.5625   75.2533   75.9516          
   76.7171   77.4228   78.1323   78.8941   79.5923   80.2570   80.8918          
   81.6125   82.3332   83.0763   83.8716   84.6894   85.4810   86.2876          
   87.0344   87.6729   87.9530   87.4190   85.0255   78.6626   64.9136          
   41.5531   12.7109  -11.8782  -26.6092  -32.8937  -34.2753  -33.3717          
  -31.5531  -29.1596  -26.8258  -24.2343  -21.7698  -19.6227  -17.3636          
  -15.7019  -14.1522  -12.7706  -11.4450  -10.2688   -9.3166   -8.5511          
   -7.8790   -7.1695   -6.5720   -6.0866   -5.6758   -5.2651   -4.9103          
   -4.4996   -4.2755   -3.9208   -3.6968   -3.5101   -3.4000   -3.300013 2090   
   69.1202   69.1799   69.2695   69.2732   69.4002   69.5346   69.698814 2090   
   70.0386   70.4231   70.8935   71.3825   71.9612   72.6070   73.1856          
   73.9099   74.5632   75.2090   75.8325   76.4746   77.0495   77.6207          
   78.2217   78.8377   79.4798   80.1257   80.8126   81.4883   82.1117          
   82.7912   83.4071   84.0381   84.4226   84.3890   83.1757   79.2932          
   69.8930   51.6824   24.9378   -2.6244  -22.0184  -31.6165  -34.5732          
  -34.2148  -32.4751  -29.8843  -27.2188  -24.2845  -21.8765  -19.5060          
  -17.4340  -15.7541  -13.9995  -12.5809  -11.2743  -10.2290   -9.2770          
   -8.5677   -7.8397   -7.1117   -6.5704   -6.1971   -5.6931   -5.3385          
   -4.8905   -4.6292   -4.2372   -4.0132   -3.8079    0.        0.    14 2090   
   66.7795   66.8056   66.8840   66.8952   67.0109   67.0819   67.287215 2090   
   67.5448   67.8882   68.3138   68.8066   69.2882   69.8855   70.4753          
   71.0801   71.6513   72.2225   72.8198   73.3536   73.8726   74.3616          
   74.8581   75.3920   75.8959   76.4634   76.9972   77.5460   78.0649          
   78.6286   79.1252   79.7038   80.2115   80.7230   81.0291   80.5886          
   78.5129   72.5510   59.5072   36.9661    8.9746  -14.7275  -28.5104          
  -34.0094  -34.6740  -33.0202  -30.4480  -27.1590  -24.4151  -21.7646          
  -19.4313  -17.2847  -15.5861  -13.9248  -12.4129  -11.1996  -10.2290          
   -9.3703   -8.4744   -7.8211   -7.1491   -6.7384   -6.1411   -5.7678          
   -5.3011   -4.9838   -4.5918   -4.3678   -4.0692    0.        0.    15 2090   
   64.2596   64.3678   64.3380   64.3828   64.4649   64.5694   64.718816 2090   
   64.9539   65.2489   65.6558   66.1038   66.5443   67.0483   67.5747          
   68.1197   68.6946   69.1650   69.6764   70.1580   70.5724   71.0129          
   71.4572   71.8902   72.3345   72.8123   73.2193   73.6411   74.0144          
   74.4325   74.8096   75.2426   75.6384   76.1573   76.7247   77.2138          
   77.3930   76.5941   73.2678   64.6441   47.2474   21.2867   -5.5662          
  -24.3069  -33.0612  -35.2601  -34.0057  -30.7616  -27.8123  -24.8258          
  -22.1565  -19.7113  -17.4714  -15.5301  -13.9248  -12.5809  -11.3116          
  -10.2850   -9.3330   -8.5864   -7.8397   -7.2424   -6.6638   -6.1971          
   -5.7118   -5.3758   -5.0025   -4.7038   -4.3865    0.        0.    16 2090   
   61.7636   61.7524   61.8234   61.8570   61.8906   61.9877   62.081117 2090   
   62.3351   62.6152   62.9738   63.3772   63.7395   64.2250   64.6957          
   65.1887   65.6892   66.1411   66.5781   67.0189   67.3924   67.7398          
   68.1320   68.4532   68.8080   69.1703   69.4915   69.7941   70.0443          
   70.3132   70.5299   70.7839   70.9632   71.2918   71.6840   72.2032          
   72.6962   73.0100   72.7411   70.7615   64.9646   52.0561   29.8808          
    2.7341  -19.6055  -31.6774  -35.3266  -33.8960  -31.4122  -28.1440          
  -25.1372  -22.2799  -19.8707  -17.4989  -15.7061  -13.9879  -12.5686          
  -11.5041  -10.4583   -9.4498   -8.7215   -8.0118   -7.3768   -6.8539          
   -6.3310   -5.9015   -5.4906   -5.1544   -4.8183    0.        0.    17 2090   

